                              OYUNCU Seviye: 0 Harfler: KL Skorları 

6.07.2021 19:19:30 | 1     | +0      | +0      | +60    | -60    | -60,00
6.07.2021 19:20:33 | 1     | +11    | +0      | +49    | -38    | -38,00
6.07.2021 19:21:49 | 1     | +0      | +0      | +70    | -70    | -70,00
6.07.2021 19:23:14 | 1     | +51    | +3      | +19    | +29    | 29,00
6.07.2021 19:24:28 | 1     | +0      | +0      | +100  | -100  | -100,00
6.07.2021 19:25:57 | 1     | +1      | +0      | +99    | -98    | -98,00
6.07.2021 19:27:07 | 1     | +2      | +0      | +98    | -96    | -96,00
6.07.2021 19:28:29 | 1     | +0      | +0      | +60    | -60    | -60,00
